00000000000000111110010001111110
00000000000000111110010001111110
00000000000000101110101010000101
00000000000000101110101010000101
00000000000000101110101010000101
00000000000000101110101010000101
00000000000000101001100100011000
00000000000000101110101010000101
00000000000000110001011011101110
00000000000000110111011111001000
00000000000000110111011111001000
00000000000000110111011111001000
00000000000000110111011111001000
00000000000000110111011111001000
00000000000000110111011111001000
00000000000000101001100100011000
00000000000000101001100100011000
00000000000000101001100100011000
00000000000000101001100100011000
00000000000000100101000010000101
00000000000000101001100100011000
00000000000000101110101010000101
00000000000000110001011011101110
00000000000000111110010001111110
00000000000000111110010001111110
00000000000000111110010001111110
00000000000000111110010001111110
00000000000000100101000010000101
00000000000000100101000010000101
00000000000000100101000010000101
00000000000000100101000010000101
00000000000000100010111101000100
00000000000000100101000010000101
00000000000000101001100100011000
00000000000000101110101010000101
00000000000000110111011111001000
00000000000000111110010001111110
00000000000000111110010001111110
00000000000000111110010001111110
00000000000000111110010001111110-
00000000000000110111011111001000
00000000000000110111011111001000
00000000000000101001100100011000
00000000000000101001100100011000
00000000000000110001011011101110
00000000000000110001011011101110
00000000000000101110101010000101
00000000000000101110101010000101